Enter the file size Option:
1.Small
2.Medium
3.Large
1

1:49.2446

2:52.5

3:25, 34, 55, 65, 73, 111, 118, 132, 193, 261, 284, 309, 323, 334, 351, 425, 429, 433, 442, 447, 448, 463, 466, 506, 514, 564, 566, 568, 593, 604, 652, 669, 695, 736, 753, 755, 777, 806, 838, 842, 846, 864, 893, 935, 938, 968, 970

4:0, 1, 2, 3, 4, 5, 6, 7, 8, 9, 10, 11, 13, 14, 15, 16, 18, 19, 20, 21, 23, 24, 25, 26, 27, 28, 29, 30, 31, 33, 35, 36, 37, 38, 39, 41, 42, 43, 44, 45, 46, 47, 48, 50, 53, 54, 56, 57, 58, 59, 60, 61, 62, 63, 64, 65, 66, 67, 69, 71, 72, 73, 74, 76, 78, 79, 80, 81, 82, 83, 84, 85, 87, 88, 90, 91, 93, 94, 95, 96, 99, 100, 102, 103, 104, 105, 106, 108, 109, 110, 111, 112, 113, 115, 116, 118, 119, 120, 122, 123, 124, 125, 126, 127, 128, 129, 130, 131, 132, 134, 135, 136, 137, 139, 140, 141, 143, 144, 145, 146, 147, 149, 150, 152, 153, 154, 155, 156, 159, 160, 161, 162, 163, 164, 165, 166, 168, 169, 170, 172, 173, 174, 175, 176, 178, 179, 181, 182, 183, 187, 188, 190, 191, 192, 193, 194, 195, 196, 197, 200, 203, 205, 207, 208, 209, 211, 212, 213, 214, 215, 216, 217, 218, 219, 220, 221, 222, 223, 224, 225, 226, 228, 230, 231, 233, 234, 235, 236, 238, 239, 240, 241, 242, 243, 244, 245, 246, 247, 248, 249, 250, 251, 252, 253, 254, 256, 257, 258, 259, 260, 262, 263, 264, 265, 266, 267, 270, 271, 273, 274, 275, 277, 279, 280, 281, 282, 284, 285, 286, 287, 288, 289, 290, 291, 292, 293, 294, 295, 296, 298, 301, 302, 303, 304, 305, 306, 307, 308, 309, 310, 311, 312, 313, 314, 315, 317, 318, 319, 320, 321, 322, 323, 329, 331, 332, 334, 335, 336, 337, 338, 339, 341, 342, 343, 344, 345, 346, 348, 349, 350, 351, 352, 353, 354, 356, 357, 359, 360, 361, 363, 364, 365, 368, 369, 370, 371, 372, 373, 374, 375, 377, 379, 381, 383, 384, 385, 386, 387, 388, 389, 390, 391, 392, 393, 394, 395, 396, 397, 398, 399, 400, 402, 403, 404, 409, 410, 411, 412, 413, 414, 415, 416, 417, 418, 420, 421, 422, 423, 426, 427, 428, 429, 430, 431, 433, 435, 436, 437, 438, 439, 440, 443, 444, 446, 447, 448, 449, 450, 451, 452, 453, 454, 455, 457, 459, 460, 461, 462, 464, 465, 466, 467, 469, 470, 471, 472, 473, 474, 475, 476, 477, 478, 479, 480, 481, 483, 485, 486, 487, 489, 490, 491, 492, 493, 495, 496, 497, 498, 499, 500, 502, 504, 506, 507, 508, 509, 510, 511, 512, 513, 515, 516, 517, 518, 519, 520, 521, 523, 524, 526, 527, 528, 529, 530, 531, 533, 534, 535, 536, 537, 539, 540, 542, 543, 544, 545, 546, 547, 548, 549, 550, 552, 553, 555, 557, 558, 559, 560, 561, 563, 564, 565, 567, 569, 570, 571, 572, 573, 574, 575, 577, 578, 579, 580, 581, 582, 584, 585, 586, 587, 588, 589, 590, 591, 592, 594, 596, 597, 598, 599, 600, 601, 602, 603, 604, 605, 606, 607, 608, 609, 610, 611, 612, 613, 615, 616, 617, 618, 619, 620, 621, 622, 623, 624, 625, 626, 627, 628, 629, 630, 631, 632, 633, 635, 636, 638, 643, 644, 645, 648, 650, 651, 652, 653, 655, 656, 658, 659, 660, 661, 663, 664, 665, 666, 668, 669, 670, 671, 673, 674, 675, 676, 677, 678, 679, 681, 682, 683, 684, 685, 686, 687, 688, 689, 690, 693, 694, 695, 696, 697, 699, 700, 701, 702, 703, 704, 705, 707, 708, 709, 711, 715, 717, 719, 720, 721, 724, 725, 726, 727, 728, 730, 731, 732, 734, 735, 737, 738, 739, 740, 741, 742, 744, 745, 746, 747, 748, 749, 750, 751, 752, 753, 754, 755, 756, 757, 758, 759, 760, 761, 763, 765, 766, 767, 769, 770, 771, 772, 773, 775, 776, 778, 779, 780, 783, 784, 785, 786, 787, 788, 789, 790, 791, 793, 794, 795, 796, 797, 798, 799, 800, 801, 802, 803, 805, 807, 808, 809, 810, 811, 814, 815, 816, 818, 819, 820, 821, 825, 826, 827, 829, 830, 831, 833, 836, 837, 838, 839, 841, 842, 843, 844, 845, 846, 848, 849, 851, 852, 853, 854, 855, 856, 857, 858, 859, 860, 861, 862, 863, 864, 865, 866, 868, 869, 870, 871, 872, 873, 874, 875, 876, 877, 878, 879, 880, 881, 882, 883, 884, 885, 886, 887, 888, 889, 890, 891, 893, 894, 895, 896, 897, 898, 899, 900, 902, 903, 904, 906, 907, 908, 909, 911, 912, 913, 914, 915, 916, 917, 918, 919, 920, 921, 922, 923, 924, 925, 926, 927, 928, 930, 931, 932, 933, 934, 935, 936, 937, 938, 939, 940, 941, 942, 943, 944, 945, 946, 947, 948, 949, 950, 951, 953, 954, 955, 956, 957, 958, 959, 960, 961, 962, 964, 965, 967, 969, 970, 971, 972, 973, 974, 975, 976, 977, 979, 981, 982, 983, 984, 985, 986, 987, 989, 990, 992, 993, 994, 995, 996, 997, 998, 999

Total time taken to run the program: 1.60s